{
  "asset": {
    "version": "2.0",
    "generator": "THREE.GLTFExporter"
  },
  "scenes": [
    {
      "nodes": [
        0
      ]
    }
  ],
  "scene": 0,
  "nodes": [
    {
      "children": [
        1,
        30,
        32,
        33,
        34
      ],
      "matrix": [
        0.01,
        0,
        0,
        0,
        0,
        0.01,
        0,
        0,
        0,
        0,
        0.01,
        0,
        0,
        0,
        0,
        1
      ]
    },
    {
      "matrix": [
        0.9620467733299699,
        0.09759528310409073,
        -0.25483556784959566,
        0,
        0.10649542403038899,
        0.7255326865171077,
        0.6798978198640265,
        0,
        0.25124635437351356,
        -0.6812323256504355,
        0.6876029289516719,
        0,
        74.59452126144932,
        163.69915057821564,
        401.5111275763144,
        1
      ],
      "name": "Cylinder",
      "mesh": 0
    },
    {
      "matrix": [
        0.9944220691654819,
        0.0698681165278358,
        -0.07901388896577399,
        0,
        -0.09397992020811347,
        0.2468699115098404,
        -0.9644807003713444,
        0,
        -0.04788029818536482,
        0.9665266127137803,
        0.25205908823469164,
        0,
        74.19337580598048,
        32.67317513742874,
        408.8713592631584,
        1
      ],
      "name": "Lathe 2",
      "mesh": 1
    },
    {
      "matrix": [
        1.4070481189938309,
        -0.20366995639431576,
        -0.1600628332327546,
        0,
        -0.1229681580374894,
        0.40210991414948705,
        -1.5926234653902698,
        0,
        0.25293712901749055,
        1.4708954838400992,
        0.3518461557628273,
        0,
        71.46665360568483,
        46.119684440782,
        358.6436974585687,
        0.9999999999999994
      ],
      "name": "Lathe copy",
      "mesh": 2
    },
    {
      "matrix": [
        0.539269734628696,
        -0.26301942360567915,
        -1.495394134225944e-33,
        0,
        0.4383711467890776,
        0.8987940462991671,
        5.11008398652713e-33,
        0,
        -7.949966364949035e-49,
        -4.7748646263788094e-34,
        1,
        0,
        -7.334857309882295,
        -19.478695928411398,
        -22.376426687192662,
        1
      ],
      "name": "Lathe 2",
      "mesh": 3
    },
    {
      "matrix": [
        1.280065152440991,
        0,
        0.36705277593309915,
        0,
        0,
        1,
        0,
        0,
        -0.27563735581699894,
        0,
        0.9612616959383183,
        0,
        -2.977103955451909,
        -1.6549050749121221,
        8.8098297202352,
        1
      ],
      "name": "Sphere copy 4",
      "mesh": 4
    },
    {
      "matrix": [
        1.280065152440992,
        0,
        0.36705277593309954,
        0,
        0,
        1,
        0,
        0,
        -0.27563735581699916,
        0,
        0.9612616959383189,
        0,
        -2.318876103097111,
        -7.105427357601002e-14,
        4.444720892455194,
        1
      ],
      "name": "Sphere copy 4",
      "mesh": 5
    },
    {
      "matrix": [
        0.9612616959383189,
        0,
        0.27563735581699916,
        0,
        0,
        1,
        0,
        0,
        -0.27563735581699916,
        0,
        0.9612616959383189,
        0,
        0,
        0,
        -0.6171689619964411,
        1
      ],
      "name": "Sphere 2",
      "mesh": 6
    },
    {
      "matrix": [
        0.9900983923511179,
        -0.1284055123662363,
        -0.056720347827712785,
        0,
        0.13127031498445363,
        1.0121880707023883,
        -2.4765069012716653e-18,
        0,
        0.061561275590508474,
        -0.007983860185195658,
        1.092674745917302,
        0,
        34.46854204356994,
        106.97935414046299,
        377.70482070824,
        1
      ],
      "name": "Eye1",
      "children": [
        4,
        5,
        6,
        7
      ]
    },
    {
      "matrix": [
        0.5735903631521279,
        0.06271629955671788,
        -0.16447438994959138,
        0,
        0.10047920787449119,
        -0.9945218953682725,
        -0.028811949222710218,
        0,
        -0.2756373558169979,
        -1.5622052046740764e-16,
        -0.9612616959383165,
        0,
        -5.4992024630363545,
        15.297700556682315,
        -22.201668293907005,
        1
      ],
      "name": "Lathe copy",
      "mesh": 7
    },
    {
      "matrix": [
        1.2760576122465717,
        -3.4116518634730034e-17,
        0.3807512377413218,
        0,
        2.971254593663961e-17,
        1.000000000000001,
        -9.976072066049164e-18,
        0,
        -0.28592418114335716,
        1.8055128807646346e-17,
        0.9582522437424813,
        0,
        6.407972685287092,
        -0.5733828537239987,
        10.83279971410002,
        1
      ],
      "name": "Sphere copy 4",
      "mesh": 8
    },
    {
      "matrix": [
        1.280065152440992,
        0,
        0.36705277593309954,
        0,
        0,
        1,
        0,
        0,
        -0.27563735581699916,
        0,
        0.9612616959383189,
        0,
        4.530737320190013,
        -7.105427357601002e-14,
        6.239338242467539,
        1
      ],
      "name": "Sphere copy 4",
      "mesh": 9
    },
    {
      "matrix": [
        0.9612616959383189,
        0,
        0.27563735581699916,
        0,
        0,
        1,
        0,
        0,
        -0.27563735581699916,
        0,
        0.9612616959383189,
        0,
        0,
        0,
        -0.6171689619964411,
        1
      ],
      "name": "Sphere 2",
      "mesh": 10
    },
    {
      "matrix": [
        -0.6957578393521411,
        -0.08486982826287602,
        0.7132447975489702,
        0,
        -0.007915742074887084,
        -0.992028568870837,
        -0.12576430165783054,
        0,
        0.7182328104503745,
        -0.09314736064273563,
        0.6895398459827001,
        0,
        136.99469494231715,
        83.89814054230393,
        334.1694248976396,
        0.9999999999999993
      ],
      "name": "Eye2",
      "children": [
        9,
        10,
        11,
        12
      ]
    },
    {
      "matrix": [
        -0.932811902669152,
        -0.0017485428272529524,
        -1.0269643889999043,
        0,
        0.1083524662242151,
        1.4094422178258377,
        -0.10045626650472265,
        0,
        1.0225195172978994,
        -0.1447927822794486,
        -0.9277498561721109,
        0,
        61.548468947199666,
        73.89907593750674,
        258.81964203680985,
        0.999999999999999
      ],
      "name": "Sphere copy 4",
      "mesh": 11
    },
    {
      "matrix": [
        0.46984631039295416,
        -0.061284528733404654,
        0.15965165563830627,
        0,
        0.3420201433256689,
        0.33675571771389284,
        -0.8772786376895819,
        0,
        1.740698061147869e-16,
        0.46679021324860087,
        0.17918397477264886,
        0,
        11.82972660364976,
        -8.239662604806249,
        26.150377239341083,
        1
      ],
      "name": "Lathe copy 3",
      "mesh": 12
    },
    {
      "matrix": [
        0.4908135917238326,
        -0.03418991421394554,
        0.08906777164156879,
        0,
        0.19080899537654486,
        0.35178372095006616,
        -0.9164279245843178,
        0,
        8.631481405867526e-17,
        0.4667902132486008,
        0.17918397477264936,
        0,
        -25.478004438494338,
        -8.298984809449742,
        13.92137770211707,
        1
      ],
      "name": "Lathe 3",
      "mesh": 13
    },
    {
      "matrix": [
        0.8957862013462173,
        -0.1161741974768046,
        -0.4290345409385284,
        0,
        0.128612565067174,
        0.9916949168503592,
        -1.4020697362752626e-17,
        0,
        0.4254713734019662,
        -0.05517923281252162,
        0.9032880839918488,
        0,
        82.10792818055813,
        43.5709472871221,
        445.45270310627956,
        0.9999999999999996
      ],
      "name": "Nose",
      "children": [
        15,
        16
      ]
    },
    {
      "matrix": [
        0.16394802550210497,
        0.07122807880205813,
        -0.657559614774693,
        0,
        -0.03642556489870358,
        1.4325536720772967,
        0.14609496118899334,
        0,
        0.9702957262759965,
        0,
        0.241921895599667,
        0,
        -23.513617745848705,
        1.6221387397731633,
        49.256714206009065,
        1
      ],
      "name": "Rectangle copy",
      "mesh": 14
    },
    {
      "matrix": [
        0.3573841030153481,
        0,
        -1.4333893463227685,
        0,
        0,
        1.5417292589392635,
        0,
        0,
        0.9702957262759974,
        0,
        0.24192189559966792,
        0,
        -5.934776891542697,
        -2.842170943040401e-14,
        -21.41626787657907,
        1
      ],
      "name": "Rectangle",
      "mesh": 15
    },
    {
      "matrix": [
        0.9033165315293312,
        -0.17365723311773995,
        -0.39225299138656533,
        0,
        0.14469759006970628,
        0.9841547502438956,
        -0.10247943696368227,
        0,
        0.4038339402450433,
        0.03581330699984294,
        0.9141310386087417,
        0,
        62.11761498213468,
        128.4763360310838,
        214.8362984685689,
        0.9999999999999996
      ],
      "name": "Hair",
      "children": [
        18,
        19
      ]
    },
    {
      "matrix": [
        0.05589356830326289,
        0.6202530537943736,
        0.7824078592914844,
        0,
        -0.5098170984524457,
        0.8785497942407778,
        -0.660049218372363,
        0,
        -0.9054027510105394,
        -0.2988278173164446,
        0.30157551966371166,
        0,
        1.1902028573328778,
        -6.19134456849514,
        -5.5566037302677955,
        1
      ],
      "name": "Triangle 2",
      "mesh": 16
    },
    {
      "matrix": [
        0.05589356830326419,
        0.6202530537943728,
        0.7824078592914842,
        0,
        -0.4208583698643479,
        0.7252503601216924,
        -0.5448762682100208,
        0,
        -0.9054027510105386,
        -0.29882781731644364,
        0.3015755196637123,
        0,
        1.665874464345336,
        -1.9412044146859557,
        -8.58011868759013,
        1
      ],
      "name": "Triangle",
      "mesh": 17
    },
    {
      "matrix": [
        0.020906542227416725,
        -0.01800443382241706,
        -0.9996193059634386,
        0,
        0.1289444650456015,
        0.9915358983567677,
        -0.01516203165608139,
        0,
        0.9914314103487925,
        -0.12857839100163973,
        0.02305115921667583,
        0,
        7.747927793961082,
        163.26422905925912,
        273.53830016368727,
        0.9999999999999996
      ],
      "name": "Ear right",
      "children": [
        21,
        22
      ]
    },
    {
      "matrix": [
        0.5519920363094138,
        -0.5965892191892712,
        -0.5825685327908837,
        0,
        0.5284609280381636,
        0.7907172368828644,
        -0.30902313640465595,
        0,
        0.6450068522023852,
        -0.13728639715377391,
        0.7517437101622509,
        0,
        -3.6435427336571706,
        -5.951287571358137,
        -7.281170169546158,
        1
      ],
      "name": "Triangle 3",
      "mesh": 18
    },
    {
      "matrix": [
        0.5519920363094138,
        -0.5965892191892712,
        -0.5825685327908835,
        0,
        0.5284609280381637,
        0.7907172368828642,
        -0.3090231364046556,
        0,
        0.6450068522023852,
        -0.13728639715377422,
        0.7517437101622516,
        0,
        -0.04816401716425389,
        1.529905583337893,
        -11.688983439243486,
        1
      ],
      "name": "Triangle copy",
      "mesh": 19
    },
    {
      "matrix": [
        0.6771131007833012,
        -0.02914828486118721,
        0.7353014526282899,
        0,
        -0.09044866690249118,
        0.9883421013340087,
        0.12247011629878174,
        0,
        -0.7302991766414529,
        -0.14943315636205384,
        0.6665829613607661,
        0,
        133.4249260744033,
        136.96969179172896,
        257.7736470370372,
        0.9999999999999996
      ],
      "name": "Ear left",
      "children": [
        24,
        25
      ]
    },
    {
      "matrix": [
        0.8930461499149207,
        -0.23354656559936204,
        -0.1076293088556396,
        0,
        -0.11762495878884871,
        0.015364105924620543,
        -1.009323128685968,
        0,
        0.12771397555657862,
        0.49176786098316333,
        -0.007397806899415962,
        0,
        73.6046643657244,
        7.4609114920807045,
        447.2258662484365,
        1.0000000000000002
      ],
      "name": "lip",
      "mesh": 20
    },
    {
      "matrix": [
        0.8723339824788542,
        0.259542262932439,
        0.4143322782073485,
        0,
        -0.22051665414362215,
        0.9652317996122244,
        -0.14035661104005634,
        0,
        -0.436355162978376,
        0.031070673781818974,
        0.8992378912016884,
        0,
        80.40304843215469,
        -61.29303351127039,
        -256.92754188335886,
        1.0000000000000004
      ],
      "name": "Head",
      "children": [
        2,
        3,
        8,
        13,
        14,
        17,
        20,
        23,
        26,
        27
      ]
    },
    {
      "matrix": [
        -0.5146378509832186,
        0.33007246308621846,
        -1.5862534638094792,
        0,
        0.282772290352114,
        -1.5679823895406269,
        -0.4180120947528118,
        0,
        -1.5937312371906458,
        -0.4029103670293021,
        0.433225091312913,
        0,
        38.99715414733379,
        -110.2580847038509,
        -72.10016324009439,
        1
      ],
      "name": "body",
      "mesh": 21
    },
    {
      "matrix": [
        0.9019506766675393,
        -0.05563637780804179,
        -0.42824008490958543,
        0,
        0.07388563645535276,
        0.9969251956544294,
        0.0260972602961514,
        0,
        0.4254713734019664,
        -0.05517923281252168,
        0.9032880839918492,
        0,
        46.17442703884083,
        22.94768474822905,
        265.57527200670256,
        1
      ],
      "name": "Horse",
      "children": [
        28,
        29
      ]
    },
    {
      "matrix": [
        0.46456260115241543,
        0.39487821097955317,
        -0.7926239891046001,
        0,
        -0.6476484200955405,
        0.7619393177594593,
        0,
        0,
        0.6039313814981401,
        0.5133416742734191,
        0.6097107608496923,
        0,
        0,
        0,
        0,
        1
      ],
      "name": "Default Directional Light",
      "extensions": {
        "KHR_lights_punctual": {
          "light": 0
        }
      }
    },
    {
      "matrix": [
        0.9887231106706398,
        3.6463395588527674e-8,
        -0.14975516827733268,
        0,
        0.006727158325356258,
        0.9989905296377319,
        0.04441471642360516,
        0,
        0.14960399649287165,
        -0.044921283308943245,
        0.9877250237486335,
        0,
        172.38436903054225,
        -31.731097046495766,
        979.6685921093265,
        1
      ],
      "name": "Default Camera",
      "camera": 0,
      "children": [
        31
      ]
    },
    {
      "matrix": [
        0.9918250465293218,
        1.4898895291538122e-8,
        -0.12760516085608958,
        0,
        0.00222522698673183,
        0.999847937911684,
        0.017295936476835763,
        0,
        0.12758575720654025,
        -0.01743849344848905,
        0.991674227508349,
        0,
        99.00818773278462,
        -22.881505175004527,
        997.713521661481,
        1
      ],
      "camera": 1
    },
    {
      "matrix": [
        1,
        0,
        0,
        0,
        0,
        1,
        0,
        0,
        0,
        0,
        1,
        0,
        0,
        1,
        0,
        1
      ],
      "name": "Default Ambient Light"
    }
  ],
  "bufferViews": [
    {
      "buffer": 0,
      "byteOffset": 0,
      "byteLength": 4656,
      "target": 34962,
      "byteStride": 12
    },
    {
      "buffer": 0,
      "byteOffset": 4656,
      "byteLength": 4656,
      "target": 34962,
      "byteStride": 12
    },
    {
      "buffer": 0,
      "byteOffset": 9312,
      "byteLength": 3104,
      "target": 34962,
      "byteStride": 8
    },
    {
      "buffer": 0,
      "byteOffset": 12416,
      "byteLength": 1536,
      "target": 34963
    },
    {
      "buffer": 0,
      "byteOffset": 13952,
      "byteLength": 50700,
      "target": 34962,
      "byteStride": 12
    },
    {
      "buffer": 0,
      "byteOffset": 64652,
      "byteLength": 33800,
      "target": 34962,
      "byteStride": 8
    },
    {
      "buffer": 0,
      "byteOffset": 98452,
      "byteLength": 50700,
      "target": 34962,
      "byteStride": 12
    },
    {
      "buffer": 0,
      "byteOffset": 149152,
      "byteLength": 49152,
      "target": 34963
    },
    {
      "buffer": 0,
      "byteOffset": 198304,
      "byteLength": 50700,
      "target": 34962,
      "byteStride": 12
    },
    {
      "buffer": 0,
      "byteOffset": 249004,
      "byteLength": 33800,
      "target": 34962,
      "byteStride": 8
    },
    {
      "buffer": 0,
      "byteOffset": 282804,
      "byteLength": 50700,
      "target": 34962,
      "byteStride": 12
    },
    {
      "buffer": 0,
      "byteOffset": 333504,
      "byteLength": 49152,
      "target": 34963
    },
    {
      "buffer": 0,
      "byteOffset": 382656,
      "byteLength": 50700,
      "target": 34962,
      "byteStride": 12
    },
    {
      "buffer": 0,
      "byteOffset": 433356,
      "byteLength": 33800,
      "target": 34962,
      "byteStride": 8
    },
    {
      "buffer": 0,
      "byteOffset": 467156,
      "byteLength": 50700,
      "target": 34962,
      "byteStride": 12
    },
    {
      "buffer": 0,
      "byteOffset": 517856,
      "byteLength": 49152,
      "target": 34963
    },
    {
      "buffer": 0,
      "byteOffset": 567008,
      "byteLength": 50700,
      "target": 34962,
      "byteStride": 12
    },
    {
      "buffer": 0,
      "byteOffset": 617708,
      "byteLength": 50700,
      "target": 34962,
      "byteStride": 12
    },
    {
      "buffer": 0,
      "byteOffset": 668408,
      "byteLength": 33800,
      "target": 34962,
      "byteStride": 8
    },
    {
      "buffer": 0,
      "byteOffset": 702208,
      "byteLength": 48384,
      "target": 34963
    },
    {
      "buffer": 0,
      "byteOffset": 750592,
      "byteLength": 50700,
      "target": 34962,
      "byteStride": 12
    },
    {
      "buffer": 0,
      "byteOffset": 801292,
      "byteLength": 50700,
      "target": 34962,
      "byteStride": 12
    },
    {
      "buffer": 0,
      "byteOffset": 851992,
      "byteLength": 33800,
      "target": 34962,
      "byteStride": 8
    },
    {
      "buffer": 0,
      "byteOffset": 885792,
      "byteLength": 48384,
      "target": 34963
    },
    {
      "buffer": 0,
      "byteOffset": 934176,
      "byteLength": 50700,
      "target": 34962,
      "byteStride": 12
    },
    {
      "buffer": 0,
      "byteOffset": 984876,
      "byteLength": 50700,
      "target": 34962,
      "byteStride": 12
    },
    {
      "buffer": 0,
      "byteOffset": 1035576,
      "byteLength": 33800,
      "target": 34962,
      "byteStride": 8
    },
    {
      "buffer": 0,
      "byteOffset": 1069376,
      "byteLength": 48384,
      "target": 34963
    },
    {
      "buffer": 0,
      "byteOffset": 1117760,
      "byteLength": 50700,
      "target": 34962,
      "byteStride": 12
    },
    {
      "buffer": 0,
      "byteOffset": 1168460,
      "byteLength": 33800,
      "target": 34962,
      "byteStride": 8
    },
    {
      "buffer": 0,
      "byteOffset": 1202260,
      "byteLength": 50700,
      "target": 34962,
      "byteStride": 12
    },
    {
      "buffer": 0,
      "byteOffset": 1252960,
      "byteLength": 49152,
      "target": 34963
    },
    {
      "buffer": 0,
      "byteOffset": 1302112,
      "byteLength": 50700,
      "target": 34962,
      "byteStride": 12
    },
    {
      "buffer": 0,
      "byteOffset": 1352812,
      "byteLength": 50700,
      "target": 34962,
      "byteStride": 12
    },
    {
      "buffer": 0,
      "byteOffset": 1403512,
      "byteLength": 33800,
      "target": 34962,
      "byteStride": 8
    },
    {
      "buffer": 0,
      "byteOffset": 1437312,
      "byteLength": 48384,
      "target": 34963
    },
    {
      "buffer": 0,
      "byteOffset": 1485696,
      "byteLength": 50700,
      "target": 34962,
      "byteStride": 12
    },
    {
      "buffer": 0,
      "byteOffset": 1536396,
      "byteLength": 50700,
      "target": 34962,
      "byteStride": 12
    },
    {
      "buffer": 0,
      "byteOffset": 1587096,
      "byteLength": 33800,
      "target": 34962,
      "byteStride": 8
    },
    {
      "buffer": 0,
      "byteOffset": 1620896,
      "byteLength": 48384,
      "target": 34963
    },
    {
      "buffer": 0,
      "byteOffset": 1669280,
      "byteLength": 50700,
      "target": 34962,
      "byteStride": 12
    },
    {
      "buffer": 0,
      "byteOffset": 1719980,
      "byteLength": 50700,
      "target": 34962,
      "byteStride": 12
    },
    {
      "buffer": 0,
      "byteOffset": 1770680,
      "byteLength": 33800,
      "target": 34962,
      "byteStride": 8
    },
    {
      "buffer": 0,
      "byteOffset": 1804480,
      "byteLength": 48384,
      "target": 34963
    },
    {
      "buffer": 0,
      "byteOffset": 1852864,
      "byteLength": 50700,
      "target": 34962,
      "byteStride": 12
    },
    {
      "buffer": 0,
      "byteOffset": 1903564,
      "byteLength": 50700,
      "target": 34962,
      "byteStride": 12
    },
    {
      "buffer": 0,
      "byteOffset": 1954264,
      "byteLength": 33800,
      "target": 34962,
      "byteStride": 8
    },
    {
      "buffer": 0,
      "byteOffset": 1988064,
      "byteLength": 48384,
      "target": 34963
    },
    {
      "buffer": 0,
      "byteOffset": 2036448,
      "byteLength": 50700,
      "target": 34962,
      "byteStride": 12
    },
    {
      "buffer": 0,
      "byteOffset": 2087148,
      "byteLength": 33800,
      "target": 34962,
      "byteStride": 8
    },
    {
      "buffer": 0,
      "byteOffset": 2120948,
      "byteLength": 50700,
      "target": 34962,
      "byteStride": 12
    },
    {
      "buffer": 0,
      "byteOffset": 2171648,
      "byteLength": 49152,
      "target": 34963
    },
    {
      "buffer": 0,
      "byteOffset": 2220800,
      "byteLength": 50700,
      "target": 34962,
      "byteStride": 12
    },
    {
      "buffer": 0,
      "byteOffset": 2271500,
      "byteLength": 33800,
      "target": 34962,
      "byteStride": 8
    },
    {
      "buffer": 0,
      "byteOffset": 2305300,
      "byteLength": 50700,
      "target": 34962,
      "byteStride": 12
    },
    {
      "buffer": 0,
      "byteOffset": 2356000,
      "byteLength": 49152,
      "target": 34963
    },
    {
      "buffer": 0,
      "byteOffset": 2405152,
      "byteLength": 2208,
      "target": 34962,
      "byteStride": 12
    },
    {
      "buffer": 0,
      "byteOffset": 2407360,
      "byteLength": 2208,
      "target": 34962,
      "byteStride": 12
    },
    {
      "buffer": 0,
      "byteOffset": 2409568,
      "byteLength": 1472,
      "target": 34962,
      "byteStride": 8
    },
    {
      "buffer": 0,
      "byteOffset": 2411040,
      "byteLength": 2064,
      "target": 34963
    },
    {
      "buffer": 0,
      "byteOffset": 2413104,
      "byteLength": 47232,
      "target": 34962,
      "byteStride": 12
    },
    {
      "buffer": 0,
      "byteOffset": 2460336,
      "byteLength": 47232,
      "target": 34962,
      "byteStride": 12
    },
    {
      "buffer": 0,
      "byteOffset": 2507568,
      "byteLength": 31488,
      "target": 34962,
      "byteStride": 8
    },
    {
      "buffer": 0,
      "byteOffset": 2539056,
      "byteLength": 86544,
      "target": 34963
    },
    {
      "buffer": 0,
      "byteOffset": 2625600,
      "byteLength": 1656,
      "target": 34962,
      "byteStride": 12
    },
    {
      "buffer": 0,
      "byteOffset": 2627256,
      "byteLength": 1656,
      "target": 34962,
      "byteStride": 12
    },
    {
      "buffer": 0,
      "byteOffset": 2628912,
      "byteLength": 1104,
      "target": 34962,
      "byteStride": 8
    },
    {
      "buffer": 0,
      "byteOffset": 2630016,
      "byteLength": 1536,
      "target": 34963
    },
    {
      "buffer": 0,
      "byteOffset": 2631552,
      "byteLength": 1656,
      "target": 34962,
      "byteStride": 12
    },
    {
      "buffer": 0,
      "byteOffset": 2633208,
      "byteLength": 1656,
      "target": 34962,
      "byteStride": 12
    },
    {
      "buffer": 0,
      "byteOffset": 2634864,
      "byteLength": 1104,
      "target": 34962,
      "byteStride": 8
    },
    {
      "buffer": 0,
      "byteOffset": 2635968,
      "byteLength": 1536,
      "target": 34963
    },
    {
      "buffer": 0,
      "byteOffset": 2637504,
      "byteLength": 1656,
      "target": 34962,
      "byteStride": 12
    },
    {
      "buffer": 0,
      "byteOffset": 2639160,
      "byteLength": 1656,
      "target": 34962,
      "byteStride": 12
    },
    {
      "buffer": 0,
      "byteOffset": 2640816,
      "byteLength": 1104,
      "target": 34962,
      "byteStride": 8
    },
    {
      "buffer": 0,
      "byteOffset": 2641920,
      "byteLength": 1536,
      "target": 34963
    },
    {
      "buffer": 0,
      "byteOffset": 2643456,
      "byteLength": 1656,
      "target": 34962,
      "byteStride": 12
    },
    {
      "buffer": 0,
      "byteOffset": 2645112,
      "byteLength": 1656,
      "target": 34962,
      "byteStride": 12
    },
    {
      "buffer": 0,
      "byteOffset": 2646768,
      "byteLength": 1104,
      "target": 34962,
      "byteStride": 8
    },
    {
      "buffer": 0,
      "byteOffset": 2647872,
      "byteLength": 1536,
      "target": 34963
    },
    {
      "buffer": 0,
      "byteOffset": 2649408,
      "byteLength": 50700,
      "target": 34962,
      "byteStride": 12
    },
    {
      "buffer": 0,
      "byteOffset": 2700108,
      "byteLength": 33800,
      "target": 34962,
      "byteStride": 8
    },
    {
      "buffer": 0,
      "byteOffset": 2733908,
      "byteLength": 50700,
      "target": 34962,
      "byteStride": 12
    },
    {
      "buffer": 0,
      "byteOffset": 2784608,
      "byteLength": 49152,
      "target": 34963
    },
    {
      "buffer": 0,
      "byteOffset": 2833760,
      "byteLength": 50700,
      "target": 34962,
      "byteStride": 12
    },
    {
      "buffer": 0,
      "byteOffset": 2884460,
      "byteLength": 33800,
      "target": 34962,
      "byteStride": 8
    },
    {
      "buffer": 0,
      "byteOffset": 2918260,
      "byteLength": 50700,
      "target": 34962,
      "byteStride": 12
    },
    {
      "buffer": 0,
      "byteOffset": 2968960,
      "byteLength": 49152,
      "target": 34963
    }
  ],
  "buffers": [
    {
      "byteLength": 3018112,
